{
 "cells": [
  {
   "cell_type": "code",
   "execution_count": 1,
   "metadata": {},
   "outputs": [],
   "source": [
    "import numpy as np\n",
    "import matplotlib.pyplot as plt\n",
    "import matplotlib.image as mpimg\n",
    "import time\n",
    "import numpy.linalg as linalg\n",
    "import cv2\n",
    "import random\n",
    "from mpl_toolkits.mplot3d import Axes3D\n",
    "orb = cv2.ORB_create()\n",
    "N = 100\n",
    "s = 8"
   ]
  },
  {
   "cell_type": "code",
   "execution_count": 13,
   "metadata": {},
   "outputs": [],
   "source": [
    "#function for computing the fundamental matrix\n",
    "def computeF(xl, xr):\n",
    "    A = []\n",
    "    for i in range(len(xl)):\n",
    "        x = xl[i]\n",
    "        x_prime = xr[i]\n",
    "        #Put a row into the matrix, with formula fropm class.\n",
    "        A.append([x[0]*x_prime[0], x[1]*x_prime[0], x_prime[0],\n",
    "                  x[0]*x_prime[1], x[1]*x_prime[1], x_prime[1], x[0], x[1], 1])\n",
    "    #Get actual fundamental matrix.\n",
    "    A = np.array(A)\n",
    "    _, _, V = linalg.svd(A)\n",
    "    F = V[-1,:].reshape((3,3))\n",
    "    U, s, V = linalg.svd(F)\n",
    "    sigma = np.diag(s)\n",
    "    sigma[2,2] = 0\n",
    "    return np.matmul(U, np.matmul(sigma, V))\n",
    "    \n",
    "def ransacF(points, kp1, kp2):\n",
    "    n = 0 \n",
    "    currF = None\n",
    "    maxInliers = 0\n",
    "    # run ransac\n",
    "    for n in range(N):\n",
    "        sample = random.sample(points, s)\n",
    "        leftPoints = [kp1[point.trainIdx].pt for point in sample]\n",
    "        rightPoints = [kp2[point.queryIdx].pt for point in sample]\n",
    "        # compute our F matrix\n",
    "        FToTest = computeF(leftPoints, rightPoints)\n",
    "        numIn = 0\n",
    "        for match in points:\n",
    "            p = kp1[match.trainIdx].pt\n",
    "            q = kp2[match.queryIdx].pt\n",
    "            if (abs(np.matmul([p[0], p[1], 1], np.matmul(FToTest, [q[0], q[1], 1])))) < .01:\n",
    "                numIn += 1\n",
    "        if currF is None:\n",
    "            currF = FToTest\n",
    "        if numIn > maxInliers:\n",
    "            maxInliers = numIn\n",
    "            currF = FToTest\n",
    "    return currF"
   ]
  },
  {
   "cell_type": "code",
   "execution_count": 11,
   "metadata": {},
   "outputs": [
    {
     "name": "stdout",
     "output_type": "stream",
     "text": [
      "float64\n"
     ]
    }
   ],
   "source": [
    "npz = np.load(\"calibration/matrices.npz\")\n",
    "K = npz['cameraMatrix']\n",
    "print(K.dtype)\n",
    "K_prime = np.transpose(K)\n",
    "W = np.matrix([[0, -1, 0], [1, 0, 0], [0, 0, 1]])\n",
    "negW = np.transpose(W)\n",
    "Z = np.matrix([[0, 1, 0], [-1, 0, 0], [0, 0, 0]])\n",
    "trans = np.transpose\n",
    "svd = linalg.svd\n",
    "matmul = np.matmul\n",
    "location = np.reshape((np.array([0, 0, 0, 1])), (4, 1))\n",
    "# Compute null space of matrix A, algorithm from scipy mailing lists\n",
    "def null(A, eps=1e-15):\n",
    "    u, s, vh = linalg.svd(A)\n",
    "    null_mask = (s <= eps)\n",
    "    null_space = np.compress(null_mask, vh, axis=0)\n",
    "    return trans(null_space)\n",
    "\n",
    "def findPointsFront(points, R, t):\n",
    "    # TODO find number of points in front of both cameras\n",
    "    return 0\n",
    "\n",
    "def updateLoc(F, points):\n",
    "    global location\n",
    "    # TODO\n",
    "    # Need to find K for the camera\n",
    "    print(F, type(F), F.dtype)\n",
    "    E = matmul(K, matmul(F, K_prime))\n",
    "    # https://en.wikipedia.org/wiki/Essential_matrix\n",
    "    U, sigma, Vt = svd(E)\n",
    "    t_mat = matmul(U, matmul(Z, trans(U)))\n",
    "    RNeg = matmul(U, matmul(negW, Vt))\n",
    "    RPos = matmul(U, matmul(W, Vt))\n",
    "    opt = 0\n",
    "    t = null(t_mat)\n",
    "    neg_t = -1 * t\n",
    "    # There are four valid comboes, we need to find the one with points in front of image\n",
    "    # can probably parallelize this? should profile to see if worth\n",
    "    numPoints1 = findPointsFront(points, RNeg, neg_t)\n",
    "    numPoints2 = findPointsFront(points, RNeg, t)\n",
    "    numPoints3 = findPointsFront(points, RPos, neg_t)\n",
    "    numPoints4 = findPointsFront(points, RPos, t)\n",
    "    whichNum = np.argmax([numPoints1, numPoints2, numPoints3, numPoints4])\n",
    "    # currently grabs the first option by default\n",
    "    if whichNum == 0:\n",
    "        motion = np.hstack([RNeg, neg_t])\n",
    "        motion = np.vstack([motion, np.array([0, 0, 0, 1])])\n",
    "    if whichNum == 1: \n",
    "        motion = np.hstack(RNeg, t)\n",
    "        motion = np.vstack([motion, np.array([0, 0, 0, 1])])\n",
    "    if whichNum == 2:\n",
    "        motion = np.hstack([RPos, neg_t])\n",
    "        motion = np.vstack([motion, np.array([0, 0, 0, 1])])\n",
    "    if whichNum == 3:\n",
    "        motion = np.hstack([RPos, t])\n",
    "        motion = np.vstack([motion, np.array([0, 0, 0, 1])])\n",
    "    location = np.reshape((np.matmul(motion, location)), (4, 1))\n",
    "    print(location)"
   ]
  },
  {
   "cell_type": "code",
   "execution_count": 14,
   "metadata": {},
   "outputs": [
    {
     "name": "stdout",
     "output_type": "stream",
     "text": [
      "[[  3.46896494e-07  -1.24198092e-06  -8.04441398e-04]\n",
      " [  1.73384094e-06   6.25632365e-08  -2.98058765e-03]\n",
      " [ -3.66472053e-04   2.21724557e-03   9.99992709e-01]] <class 'numpy.ndarray'> float64\n",
      "[[-0.03475645]\n",
      " [ 0.0249308 ]\n",
      " [ 2.99978791]\n",
      " [ 1.        ]]\n",
      "[[  1.21440806e-07  -1.58757619e-06   5.19754568e-04]\n",
      " [  2.18320437e-06   1.15915435e-06  -3.52281571e-03]\n",
      " [ -1.16402793e-03   1.40927997e-03   9.99991989e-01]] <class 'numpy.ndarray'> float64\n",
      "[[ 0.02388802]\n",
      " [ 0.02981323]\n",
      " [ 1.99986439]\n",
      " [ 1.        ]]\n",
      "[[  1.00665306e-06  -1.69505280e-06  -3.18956097e-04]\n",
      " [  1.16737882e-06  -6.69852238e-07  -9.63762042e-04]\n",
      " [ -1.94030658e-03   2.42665754e-03   9.99994658e-01]] <class 'numpy.ndarray'> float64\n",
      "[[ 0.02752177]\n",
      " [-0.02810133]\n",
      " [ 2.99983504]\n",
      " [ 1.        ]]\n",
      "[[  4.15546554e-07  -3.50685394e-07  -2.60426879e-04]\n",
      " [  9.32176469e-07  -1.94835060e-07  -1.06023085e-03]\n",
      " [ -1.11687343e-03   5.69502449e-04   9.99998618e-01]] <class 'numpy.ndarray'> float64\n",
      "[[-0.02852803]\n",
      " [-0.03155025]\n",
      " [ 1.99977568]\n",
      " [ 1.        ]]\n",
      "[[  1.12871731e-06  -4.20570677e-07  -8.84540778e-04]\n",
      " [ -3.39143789e-07   1.14377342e-07   3.35573696e-04]\n",
      " [ -1.24920976e-03   4.61854157e-04   9.99998666e-01]] <class 'numpy.ndarray'> float64\n",
      "[[-0.03836978]\n",
      " [ 0.02064534]\n",
      " [ 0.9996871 ]\n",
      " [ 1.        ]]\n",
      "[[  5.07384153e-07   1.18601933e-07  -6.39735905e-04]\n",
      " [  3.45342997e-07   1.02332212e-07  -4.30595266e-04]\n",
      " [ -7.96108062e-04  -2.02974046e-04   9.99999365e-01]] <class 'numpy.ndarray'> float64\n",
      "[[ 0.02206931]\n",
      " [ 0.03732574]\n",
      " [-1.99974044]\n",
      " [ 1.        ]]\n",
      "[[  2.60511516e-07   4.66689335e-06  -4.21016135e-03]\n",
      " [ -4.53181041e-06   3.52155707e-08   4.24786329e-03]\n",
      " [  3.23242104e-03  -4.76924076e-03   9.99965517e-01]] <class 'numpy.ndarray'> float64\n",
      "[[ 0.03887013]\n",
      " [-0.0178049 ]\n",
      " [-2.99976407]\n",
      " [ 1.        ]]\n",
      "[[  2.89901507e-06  -1.13094184e-06  -1.58275395e-03]\n",
      " [ -8.76727923e-07   3.36319878e-07   4.84837757e-04]\n",
      " [ -1.83615200e-03   7.18589450e-04   9.99996686e-01]] <class 'numpy.ndarray'> float64\n",
      "[[ 0.03079936]\n",
      " [ 0.03168917]\n",
      " [-1.99972678]\n",
      " [ 1.        ]]\n",
      "[[  3.94525202e-07   7.69710261e-07  -9.08749498e-04]\n",
      " [  8.91638144e-08  -2.62396647e-09  -6.54885762e-05]\n",
      " [ -5.52120643e-04  -7.34146564e-04   9.99999163e-01]] <class 'numpy.ndarray'> float64\n",
      "[[ 0.03852762]\n",
      " [-0.01680042]\n",
      " [-2.99977357]\n",
      " [ 1.        ]]\n",
      "[[  7.18128387e-08  -2.63081991e-08  -1.84764163e-05]\n",
      " [  4.47195261e-07   6.19291488e-07  -1.03866841e-03]\n",
      " [ -5.24340613e-04  -5.41413376e-04   9.99999176e-01]] <class 'numpy.ndarray'> float64\n",
      "[[-0.01769056]\n",
      " [-0.03559876]\n",
      " [-1.99981833]\n",
      " [ 1.        ]]\n",
      "[[  3.29672684e-07  -1.71803475e-06   6.91514762e-04]\n",
      " [  1.77715679e-06   1.50760473e-07  -2.40989592e-03]\n",
      " [ -1.72039266e-03   1.89811577e-03   9.99993576e-01]] <class 'numpy.ndarray'> float64\n",
      "[[-0.0355859 ]\n",
      " [ 0.02073114]\n",
      " [-0.99980068]\n",
      " [ 1.        ]]\n",
      "[[  5.66891589e-07  -8.39775253e-07  -1.82042540e-04]\n",
      " [  5.66309006e-07   9.66815378e-08  -9.81316178e-04]\n",
      " [ -1.25288650e-03   1.15654914e-03   9.99998048e-01]] <class 'numpy.ndarray'> float64\n",
      "[[ 0.01809638]\n",
      " [ 0.03548484]\n",
      " [ 1.99981469]\n",
      " [ 1.        ]]\n",
      "[[  2.48771313e-07   1.33577201e-06  -1.25630994e-03]\n",
      " [ -1.02478811e-06   5.67057487e-08   1.33552711e-03]\n",
      " [  1.91522116e-04  -1.81980504e-03   9.99996645e-01]] <class 'numpy.ndarray'> float64\n",
      "[[ 0.03304406]\n",
      " [-0.02149229]\n",
      " [ 2.99980657]\n",
      " [ 1.        ]]\n",
      "[[  6.46958143e-07  -2.91498151e-07  -6.72746055e-04]\n",
      " [  5.69158890e-08  -2.18400239e-08  -6.14474656e-05]\n",
      " [ -9.59441736e-04   4.28402865e-04   9.99999220e-01]] <class 'numpy.ndarray'> float64\n",
      "[[-0.01629043]\n",
      " [-0.03375032]\n",
      " [-3.99981803]\n",
      " [ 1.        ]]\n",
      "[[  7.31806449e-07  -1.84610418e-06  -3.13573396e-03]\n",
      " [  1.50987975e-06   8.40000893e-08  -7.97630829e-04]\n",
      " [  1.88871790e-03   1.47619451e-03   9.99991892e-01]] <class 'numpy.ndarray'> float64\n",
      "[[-0.04429587]\n",
      " [ 0.01891848]\n",
      " [-2.99968574]\n",
      " [ 1.        ]]\n",
      "[[  2.52985923e-07   3.85255788e-07  -5.33688296e-04]\n",
      " [  1.68357470e-07   3.00042680e-07  -3.62279207e-04]\n",
      " [ -4.73928980e-04  -7.23059205e-04   9.99999418e-01]] <class 'numpy.ndarray'> float64\n",
      "[[ 0.02207239]\n",
      " [ 0.04929809]\n",
      " [-1.99957349]\n",
      " [ 1.        ]]\n",
      "[[  2.76321803e-07   7.33580588e-07  -5.98667916e-04]\n",
      " [ -2.55575735e-07   4.97868558e-07   3.91149228e-04]\n",
      " [ -4.54624661e-04  -1.31567551e-03   9.99998775e-01]] <class 'numpy.ndarray'> float64\n",
      "[[ 0.05422286]\n",
      " [-0.01838871]\n",
      " [-2.99952679]\n",
      " [ 1.        ]]\n",
      "[[  3.74960123e-07   1.93400681e-07  -5.92479851e-04]\n",
      " [ -4.08923443e-07   1.11973842e-06   4.53927891e-04]\n",
      " [ -6.09683267e-04  -5.68046053e-04   9.99999374e-01]] <class 'numpy.ndarray'> float64\n",
      "[[-0.01558941]\n",
      " [-0.04901666]\n",
      " [-1.99964423]\n",
      " [ 1.        ]]\n"
     ]
    },
    {
     "ename": "ValueError",
     "evalue": "Sample larger than population or is negative",
     "output_type": "error",
     "traceback": [
      "\u001b[0;31m---------------------------------------------------------------------------\u001b[0m",
      "\u001b[0;31mValueError\u001b[0m                                Traceback (most recent call last)",
      "\u001b[0;32m<ipython-input-14-2e8709fc2b0b>\u001b[0m in \u001b[0;36m<module>\u001b[0;34m()\u001b[0m\n\u001b[1;32m     28\u001b[0m         \u001b[0;32mif\u001b[0m \u001b[0mm\u001b[0m\u001b[0;34m.\u001b[0m\u001b[0mdistance\u001b[0m \u001b[0;34m<\u001b[0m \u001b[0;36m0.75\u001b[0m\u001b[0;34m*\u001b[0m\u001b[0mn\u001b[0m\u001b[0;34m.\u001b[0m\u001b[0mdistance\u001b[0m\u001b[0;34m:\u001b[0m\u001b[0;34m\u001b[0m\u001b[0m\n\u001b[1;32m     29\u001b[0m             \u001b[0mgood\u001b[0m\u001b[0;34m.\u001b[0m\u001b[0mappend\u001b[0m\u001b[0;34m(\u001b[0m\u001b[0mm\u001b[0m\u001b[0;34m)\u001b[0m\u001b[0;34m\u001b[0m\u001b[0m\n\u001b[0;32m---> 30\u001b[0;31m     \u001b[0mF\u001b[0m \u001b[0;34m=\u001b[0m \u001b[0mransacF\u001b[0m\u001b[0;34m(\u001b[0m\u001b[0mgood\u001b[0m\u001b[0;34m,\u001b[0m \u001b[0mkp\u001b[0m\u001b[0;34m,\u001b[0m \u001b[0mlast\u001b[0m\u001b[0;34m)\u001b[0m\u001b[0;34m\u001b[0m\u001b[0m\n\u001b[0m\u001b[1;32m     31\u001b[0m     \u001b[0mupdateLoc\u001b[0m\u001b[0;34m(\u001b[0m\u001b[0mF\u001b[0m\u001b[0;34m,\u001b[0m \u001b[0mgood\u001b[0m\u001b[0;34m)\u001b[0m\u001b[0;34m\u001b[0m\u001b[0m\n\u001b[1;32m     32\u001b[0m     \u001b[0mlocations\u001b[0m\u001b[0;34m.\u001b[0m\u001b[0mappend\u001b[0m\u001b[0;34m(\u001b[0m\u001b[0mlocation\u001b[0m\u001b[0;34m)\u001b[0m\u001b[0;34m\u001b[0m\u001b[0m\n",
      "\u001b[0;32m<ipython-input-13-b032e4257dc3>\u001b[0m in \u001b[0;36mransacF\u001b[0;34m(points, kp1, kp2)\u001b[0m\n\u001b[1;32m     23\u001b[0m     \u001b[0;31m# run ransac\u001b[0m\u001b[0;34m\u001b[0m\u001b[0;34m\u001b[0m\u001b[0m\n\u001b[1;32m     24\u001b[0m     \u001b[0;32mfor\u001b[0m \u001b[0mn\u001b[0m \u001b[0;32min\u001b[0m \u001b[0mrange\u001b[0m\u001b[0;34m(\u001b[0m\u001b[0mN\u001b[0m\u001b[0;34m)\u001b[0m\u001b[0;34m:\u001b[0m\u001b[0;34m\u001b[0m\u001b[0m\n\u001b[0;32m---> 25\u001b[0;31m         \u001b[0msample\u001b[0m \u001b[0;34m=\u001b[0m \u001b[0mrandom\u001b[0m\u001b[0;34m.\u001b[0m\u001b[0msample\u001b[0m\u001b[0;34m(\u001b[0m\u001b[0mpoints\u001b[0m\u001b[0;34m,\u001b[0m \u001b[0ms\u001b[0m\u001b[0;34m)\u001b[0m\u001b[0;34m\u001b[0m\u001b[0m\n\u001b[0m\u001b[1;32m     26\u001b[0m         \u001b[0mleftPoints\u001b[0m \u001b[0;34m=\u001b[0m \u001b[0;34m[\u001b[0m\u001b[0mkp1\u001b[0m\u001b[0;34m[\u001b[0m\u001b[0mpoint\u001b[0m\u001b[0;34m.\u001b[0m\u001b[0mtrainIdx\u001b[0m\u001b[0;34m]\u001b[0m\u001b[0;34m.\u001b[0m\u001b[0mpt\u001b[0m \u001b[0;32mfor\u001b[0m \u001b[0mpoint\u001b[0m \u001b[0;32min\u001b[0m \u001b[0msample\u001b[0m\u001b[0;34m]\u001b[0m\u001b[0;34m\u001b[0m\u001b[0m\n\u001b[1;32m     27\u001b[0m         \u001b[0mrightPoints\u001b[0m \u001b[0;34m=\u001b[0m \u001b[0;34m[\u001b[0m\u001b[0mkp2\u001b[0m\u001b[0;34m[\u001b[0m\u001b[0mpoint\u001b[0m\u001b[0;34m.\u001b[0m\u001b[0mqueryIdx\u001b[0m\u001b[0;34m]\u001b[0m\u001b[0;34m.\u001b[0m\u001b[0mpt\u001b[0m \u001b[0;32mfor\u001b[0m \u001b[0mpoint\u001b[0m \u001b[0;32min\u001b[0m \u001b[0msample\u001b[0m\u001b[0;34m]\u001b[0m\u001b[0;34m\u001b[0m\u001b[0m\n",
      "\u001b[0;32m/usr/local/Cellar/python3/3.6.1/Frameworks/Python.framework/Versions/3.6/lib/python3.6/random.py\u001b[0m in \u001b[0;36msample\u001b[0;34m(self, population, k)\u001b[0m\n\u001b[1;32m    315\u001b[0m         \u001b[0mn\u001b[0m \u001b[0;34m=\u001b[0m \u001b[0mlen\u001b[0m\u001b[0;34m(\u001b[0m\u001b[0mpopulation\u001b[0m\u001b[0;34m)\u001b[0m\u001b[0;34m\u001b[0m\u001b[0m\n\u001b[1;32m    316\u001b[0m         \u001b[0;32mif\u001b[0m \u001b[0;32mnot\u001b[0m \u001b[0;36m0\u001b[0m \u001b[0;34m<=\u001b[0m \u001b[0mk\u001b[0m \u001b[0;34m<=\u001b[0m \u001b[0mn\u001b[0m\u001b[0;34m:\u001b[0m\u001b[0;34m\u001b[0m\u001b[0m\n\u001b[0;32m--> 317\u001b[0;31m             \u001b[0;32mraise\u001b[0m \u001b[0mValueError\u001b[0m\u001b[0;34m(\u001b[0m\u001b[0;34m\"Sample larger than population or is negative\"\u001b[0m\u001b[0;34m)\u001b[0m\u001b[0;34m\u001b[0m\u001b[0m\n\u001b[0m\u001b[1;32m    318\u001b[0m         \u001b[0mresult\u001b[0m \u001b[0;34m=\u001b[0m \u001b[0;34m[\u001b[0m\u001b[0;32mNone\u001b[0m\u001b[0;34m]\u001b[0m \u001b[0;34m*\u001b[0m \u001b[0mk\u001b[0m\u001b[0;34m\u001b[0m\u001b[0m\n\u001b[1;32m    319\u001b[0m         \u001b[0msetsize\u001b[0m \u001b[0;34m=\u001b[0m \u001b[0;36m21\u001b[0m        \u001b[0;31m# size of a small set minus size of an empty list\u001b[0m\u001b[0;34m\u001b[0m\u001b[0m\n",
      "\u001b[0;31mValueError\u001b[0m: Sample larger than population or is negative"
     ]
    }
   ],
   "source": [
    "cap = cv2.VideoCapture('motion.mp4')\n",
    "i = 0\n",
    "last = None\n",
    "lastDes = None\n",
    "locations = []\n",
    "while cap.isOpened():\n",
    "    i += 1\n",
    "    \n",
    "    ret, frame = cap.read()\n",
    "    if i % 10 != 0:\n",
    "        continue\n",
    "    if ret == False:\n",
    "        break\n",
    "    grayImg = cv2.cvtColor(frame, cv2.COLOR_BGR2GRAY)\n",
    "    kp, des = orb.detectAndCompute(grayImg, None)\n",
    "    \n",
    "    if last == None:\n",
    "        last = kp\n",
    "        lastDes = des\n",
    "        continue\n",
    "    \n",
    "    # BFMatcher with default params\n",
    "    bf = cv2.BFMatcher()\n",
    "    matches = bf.knnMatch(lastDes, des, k=2)\n",
    "    # Apply ratio test\n",
    "    good = []\n",
    "    for m,n in matches:\n",
    "        if m.distance < 0.75*n.distance:\n",
    "            good.append(m)\n",
    "    F = ransacF(good, kp, last)\n",
    "    updateLoc(F, good)\n",
    "    locations.append(location)\n",
    "    last = kp\n",
    "    lastDes = des\n",
    "\n",
    "\n",
    "fig = plt.figure()\n",
    "ax = fig.gca(projection='3d')\n",
    "print(locations)\n",
    "ax.plot([np.reshape(location, (4,))[0,0] for np.location in locations],\n",
    "       [np.reshape(location, (4,))[0,1] for location in locations],\n",
    "       [np.reshape(location, (4,))[0,2] for location in locations], label=\"locations\")\n",
    "plt.show()\n",
    "    \n"
   ]
  },
  {
   "cell_type": "code",
   "execution_count": null,
   "metadata": {
    "collapsed": true
   },
   "outputs": [],
   "source": []
  },
  {
   "cell_type": "code",
   "execution_count": null,
   "metadata": {
    "collapsed": true
   },
   "outputs": [],
   "source": []
  }
 ],
 "metadata": {
  "kernelspec": {
   "display_name": "Python 3",
   "language": "python",
   "name": "python3"
  },
  "language_info": {
   "codemirror_mode": {
    "name": "ipython",
    "version": 3
   },
   "file_extension": ".py",
   "mimetype": "text/x-python",
   "name": "python",
   "nbconvert_exporter": "python",
   "pygments_lexer": "ipython3",
   "version": "3.6.1"
  }
 },
 "nbformat": 4,
 "nbformat_minor": 1
}
